4037
1297
2398
15
2328
762
1549
3089
2565
3352
4191
3456
737
2535
5254
4712
993
4335
3334
3459
1211
2654
2576
3897
3084
2516
5079
2657
2653
6634
2485
1166
4536
4099
7092
2594
2651
3238
3005
2871
2145
5022
5233
5524
5800
204
4666
3562
3443
3192
3568
1754
2210
2958
5543
3976
2323
2411
3276
56
290
4124
3291
6560
5002
4310
2790
2593
3643
72
2660
3034
1982
2237
2775
2619
3796
35
3026
407
4828
5484
4400
2117
1357
1919
2297
2120
2585
3024
2746
2900
3615
6784
978
5563
2256
825
6665
1385
5123
6555
2144
6327
2354
2693
1585
2225
2508
417
974
3439
1734
2240
6414
1201
6006
2474
6946
5404
5178
1492
5697
6299
2504
2727
2774
5020
3634
3631
5760
5814
4448
2174
2381
6914
6774
3260
3843
2276
3007
5714
3962
1990
4361
1428
2251
2510
2785
579
4653
1688
4600
4795
1482
3454
5806
2252
3033
3258
1193
3812
6123
1847
3910
5872
2114
6523
4110
2324
608
6913
2859
1267
1374
3480
3404
1496
3645
3958
1992
1966
4530
2322
4297
4981
6833
959
5605
5200
1622
1700
1799
5839
4483
2542
7021
4687
3321
3498
1473
1416
5902
1717
4071
1918
5739
4587
4338
2747
2658
2822
3394
3417
5321
4055
1814
1808
86
2290
2134
2160
2371
4983
4964
4717
896
1167
465
7052
2697
2667
789
3028
2851
2819
2831
1049
2707
6934
2646
937
1031
5423
1261
5226
1608
6004
1680
5829
4531
282
2433
4266
2364
2830
4827
3447
5262
4040
2257
6330
2506
4162
4290
2912
2923
3557
5179
1521
3586
3587
5871
3873
5804
2289
2128
4574
2674
2940
1151
5596
1164
3125
5199
3460
1319
3452
3803
1729
1888
1836
2209
2062
4261
600
2686
3059
2856
2909
1035
1157
3103
5188
4041
3898
5822
2231
2264
2135
4269
2560
761
4661
3009
3027
3393
3748
1769
1772
3635
2440
4201
2517
439
2375
2620
697
665
5028
2981
856
2834
3144
1279
1291
3800
1621
1538
6032
5811
5818
6618
4547
2456
415
2325
2595
704
6855
3020
840
3029
904
1253
5529
1378
1322
7280
5273
1564
1744
1706
28
171
2102
4485
6347
4263
7063
663
5072
941
908
4846
960
1199
7277
3338
7225
1571
5897
6097
6044
3607
1855
5817
6624
2071
4233
2655
4715
7649
5452
3148
1234
1310
7279
3813
2016
5775
6422
4138
2416
4929
6918
5037
2665
3021
5454
5430
1352
1403
5189
5301
3346
1661
3661
5684
5827
5799
285
6156
2410
2713
763
4709
4792
3274
5624
1305
5182
1525
3830
1835
1997
5773
4401
259
4103
311
2544
403
2338
2356
2700
2696
633
2592
3002
2968
887
2932
6780
5445
3180
7351
5341
1603
5998
3691
6043
1705
1859
7862
1816
3885
4534
6305
313
6151
6229
2689
4980
6976
5106
722
6789
6790
6875
895
6907
3015
946
4781
1111
1239
7386
1646
3792
3752
3720
1783
4065
5651
2001
2258
6458
243
4098
2547
4315
6218
2708
2787
2605
7012
2999
4632
871
4706
4748
6736
6770
1103
7618
1248
3173
3092
7378
5155
1284
7301
7295
1566
4013
7833
5798
2285
4212
2550
432
549
2815
2623
4798
1097
5584
5527
3106
1360
3479
5289
1419
5263
8042
3660
1792
3854
5819
350
2811
7131
2612
6765
5482
1247
3191
1165
1393
1286
1489
1487
3435
7237
1637
1596
5936
5922
1781
4044
7910
1977
6613
4507
2326
2369
4994
2662
710
733
859
971
3309
7544
7443
1384
5176
3453
1471
6000
3717
1964
2193
304
317
425
7047
4986
2760
2587
730
2972
4777
6714
1230
3150
1243
1185
1200
7400
1498
1497
5323
3787
3724
1555
1701
1697
5721
5671
4527
6503
308
346
4234
2384
4298
6227
6221
7054
4899
4938
5012
2597
2570
7005
813
2951
4796
1018
2918
3284
5466
1236
1353
5121
3455
5932
7882
7924
1805
3871
7726
4422
2116
230
6272
2511
6243
7050
4944
5061
805
4824
5582
1159
1377
3483
1315
1534
7233
5295
1641
5969
6001
1757
4072
5776
1935
6442
2053
4189
6262
545
2799
659
2687
6994
764
4662
947
922
4791
4814
1022
2880
5415
1062
1154
3541
5162
1285
3381
3835
1548
3664
3614
5753
1849
7810
5680
3956
3842
1927
2246
4435
6424
6501
4604
310
2507
321
6270
626
644
769
3056
3018
853
3010
1000
6783
967
3293
3310
5432
5439
5222
1506
1587
3726
3681
1858
7835
7860
3919
1972
1965
29
2241
2097
4134
2307
4884
2721
587
2617
794
2838
5479
1125
1034
5421
1407
7391
3433
1468
5928
1733
1749
1908
5738
1823
4432
152
155
6334
6320
6174
2724
2618
673
5103
827
2993
1023
999
3320
5457
3200
1394
5215
3458
1520
1658
5950
1547
1542
4024
3969
5824
2014
7695
5802
5812
6570
6596
4488
4482
2475
325
4219
4175
4276
637
2764
696
647
719
5096
803
798
844
1012
982
5384
1080
3073
1501
1638
1662
3804
1592
1565
3646
1811
1984
6595
559
677
2599
643
667
749
742
707
948
4764
907
994
1127
3297
1061
5626
1203
1375
3554
1296
1979
6552
2223
4468
4500
227
6323
2435
334
6170
4977
590
2765
6993
826
935
985
968
5620
1190
5511
5140
1524
5285
1439
1915
5640
1848
5807
4412
36
50
55
6474
356
682
723
4689
6712
2925
1100
1039
1024
5378
1241
5246
1390
7341
5980
1583
5933
6094
1746
1747
1714
3922
54
2294
178
4588
228
2340
636
2768
3000
810
795
913
981
1137
1032
1055
1156
7238
1610
1730
8051
2178
2072
151
2095
4557
348
406
447
7088
6945
2974
863
836
928
7647
1043
1075
3145
1160
3567
1857
1991
2181
4355
2091
182
2129
2119
280
4127
4199
2332
6241
691
715
873
861
956
975
5487
5437
1420
1444
3806
1628
8
33
39
75
80
135
2168
255
261
405
4331
7120
2770
725
838
4786
1006
6759
7389
3576
3348
1465
1707
6023
3629
7874
1985
4441
6462
319
324
371
6198
429
560
686
760
2991
932
2914
2917
3313
5614
3538
7362
1382
1493
1441
3809
1613
1619
3973
3
23
95
236
246
4231
488
567
664
705
706
784
5500
7666
1128
3301
1144
1259
1446
1604
3785
1537
1732
1678
1865
1837
5772
2206
94
2277
132
150
2109
2085
820
885
918
897
6755
7588
1038
1221
1442
5705
6
2234
38
2281
127
6447
168
2121
232
226
257
306
6360
4351
616
584
592
606
5064
717
2647
771
943
5499
1124
7593
1029
7517
1168
1196
7393
3463
3461
1326
5972
3770
5639
3980
7701
1961
19
34
130
154
216
6311
4111
302
2552
2366
2736
613
628
586
6924
674
4992
4993
668
822
4654
7648
1141
5387
5630
1260
5255
1550
5757
5655
30
64
89
2242
2069
153
147
175
163
224
273
338
349
362
440
564
4879
575
4934
4966
604
684
6938
657
658
4625
802
882
2844
1044
1074
3171
7449
3555
7262
5296
1612
1687
1689
7928
1833
7791
105
140
6491
258
339
363
427
7110
6923
6809
791
5623
7493
3556
3409
5312
1507
4078
7691
49
4471
192
222
301
341
4211
601
6917
5043
823
837
3271
7634
7642
3256
1282
1432
7222
6047
1716
5709
4009
3971
3911
5801
5809
10
2229
93
6421
2163
4220
8204
624
650
7023
6813
797
903
6772
1114
3255
7520
5569
3465
3999
3912
2233
6592
2083
2342
2376
8263
565
4866
6709
7675
1472
5306
8050
4068
3949
1955
32
108
4550
618
8227
645
2672
7490
3109
7407
7387
7365
1510
5267
6611
2133
6280
6344
2378
8271
7062
6951
2645
3036
1060
1232
3832
8021
