165303ms 
3832	7387	0.3863761436027931
4866	6611	0.2608100531542104
6280	7675	0.2535968790613096
6611	7023	0.1963848479995018
1232	3255	0.19622187578773662
7520	8271	0.19506952385828494
4550	5267	0.1941773143084942
4220	5267	0.1938969862378329
6280	8204	0.19265486561488682
6421	6280	0.19242500542853785
6280	6772	0.19137465254992356
7642	8021	0.18715001007523852
301	645	0.18013752814583017
192	645	0.17415605925879768
49	645	0.17093396331809577
222	6611	0.15932626560666688
3832	6917	0.15693917386249565
3271	5267	0.15604363542707475
3271	6951	0.15427047739559593
2133	7634	0.1541741310364084
6047	6280	0.15405910996840327
6280	6917	0.15392604449096933
6809	8021	0.15361167409935778
93	301	0.14975620743742993
93	147	0.14193508823596965
2233	2672	0.13779355345620808
163	645	0.13691479660461922
224	645	0.1356813984177851
273	645	0.13482306481996767
645	658	0.13468894788820113
8021	7791	0.13429821669727443
624	628	0.1322297675687756
3832	7110	0.13174523767938234
6611	6491	0.13120377365267605
7493	8271	0.1308340045337663
6344	7110	0.1307457275559781
7110	8271	0.13059406878425667
1510	2233	0.13023873975343978
93	130	0.12969567442315114
5306	5267	0.12968883858898506
130	301	0.12953835948847556
2133	6923	0.129139533953419
2133	7110	0.12888986275050424
6280	7493	0.1288258460018599
650	645	0.12769582030627658
93	668	0.12754875123909082
19	301	0.12742520544323815
130	645	0.12261051364928974
34	645	0.12228462263128143
624	645	0.12220072207578557
216	645	0.12215464855429753
163	301	0.12186439450128791
613	645	0.1215866944935976
19	645	0.12124272595588376
154	645	0.12110903650139908
175	301	0.12030569704577407
147	301	0.11975704952084781
10	93	0.11908163469619944
10	140	0.11868585028812165
258	339	0.11801988742606669
10	645	0.11798253180749285
624	657	0.11797675522482101
163	216	0.11711508592664449
273	301	0.11710067740902243
1232	1612	0.11588289286904803
224	624	0.11556613311296209
10	108	0.1153283535289562
93	175	0.11447988864778803
3832	6938	0.11407890370120861
4625	6611	0.11375965373380892
4934	8271	0.11332862399062449
4934	6611	0.11311638024619333
7262	8271	0.11307595484090761
30	163	0.1130060291607197
168	163	0.11282268551222398
616	645	0.11251460958419066
6938	8271	0.11228924584775447
258	301	0.11209925043976152
3036	3555	0.11193381304494172
127	645	0.11178441195591
1472	1716	0.11163793302659115
2645	5296	0.1115838007532675
93	273	0.11144456322261274
2133	7928	0.11127400271660302
2133	7791	0.11093519527014217
2133	2844	0.11070000384124451
6280	7449	0.11052883834006512
34	301	0.110407054149205
216	301	0.10933308279845556
258	349	0.10931999910614061
584	645	0.10918785035188212
341	624	0.10885150157723063
301	668	0.10820593199615364
349	363	0.10802822274099935
154	301	0.10798698653914031
232	645	0.10767303204956517
301	613	0.10742629387598172
6	645	0.10691161761842678
49	192	0.10608639694699999
132	301	0.10585531439958469
