160161ms 
3832	7387	0.3863969995562155
4866	6611	0.2608324893098356
6280	7675	0.2536137577558645
6611	7023	0.19640552360098606
1232	3255	0.1962598048883398
7520	8271	0.195092380098702
4550	5267	0.19419622546524906
4220	5267	0.19391649075009504
6280	8204	0.19267322347027746
6421	6280	0.19244390566408945
6280	6772	0.19139296140825302
7642	8021	0.1871730937878085
301	645	0.18022042081612294
192	645	0.17423352887440816
49	645	0.17097737035897956
222	6611	0.15934788877873785
3832	6917	0.1569600689792946
3271	5267	0.15606308109417016
3271	6951	0.15429095769432047
2133	7634	0.15419177131493964
6047	6280	0.1540766614724609
6280	6917	0.15394450741079352
6809	8021	0.15363385446380162
93	301	0.14983581450389555
93	147	0.1420309736028175
2233	2672	0.1378296949157864
163	645	0.13702889666576812
224	645	0.13578485942963328
273	645	0.13493781388985976
645	658	0.13480622848612842
8021	7791	0.1343101013419671
624	628	0.1323031602853077
3832	7110	0.13176585159827403
6611	6491	0.13122328775092937
7493	8271	0.13085622858871435
6344	7110	0.13076559248289618
7110	8271	0.1306174639097362
1510	2233	0.13025780644026536
93	130	0.12980587022695234
5306	5267	0.12970516117018285
130	301	0.12964859120492273
2133	6923	0.12915646087977245
2133	7110	0.12890705518201928
6280	7493	0.12884427182714184
650	645	0.12781594341432856
93	668	0.12764998168129393
19	301	0.1275322387054134
130	645	0.1227257300775433
34	645	0.12240884830551231
624	645	0.12228728483407922
216	645	0.12227100732931973
163	301	0.12197368268757681
613	645	0.12168051120567838
19	645	0.12135470734705123
154	645	0.12121654492912723
175	301	0.12039606309968096
147	301	0.11985245732989633
10	93	0.11914274462321217
10	140	0.11876595563513337
258	339	0.11811060501029474
624	657	0.11808170039172697
10	645	0.11804743228178824
163	216	0.11725620251634426
273	301	0.11721039546270952
1232	1612	0.11591718931790684
224	624	0.1156627628914759
10	108	0.1153581717556612
93	175	0.11457052806246623
3832	6938	0.11409888010064165
4625	6611	0.11377946080260805
4934	8271	0.11335148489060473
4934	6611	0.11313502858159422
7262	8271	0.11309415254237505
30	163	0.11309297325656373
168	163	0.11294718625602959
616	645	0.11262424286476624
6938	8271	0.11231096339272219
258	301	0.11218726902665133
3036	3555	0.11194363196191577
127	645	0.11189462464956614
1472	1716	0.11169002262712338
2645	5296	0.11159805312123341
93	273	0.11155430208665792
2133	7928	0.1112822587742372
2133	7791	0.11094364130833308
2133	2844	0.11070958047907271
6280	7449	0.1105474328175691
34	301	0.11052647393548787
216	301	0.10944467746655714
258	349	0.10942416898759702
584	645	0.10930839762991175
341	624	0.10893991076786806
301	668	0.10830704249050534
349	363	0.1081188864932864
154	301	0.10808991601423122
232	645	0.10779287153690878
301	613	0.10751440487050803
6	645	0.10698145727789857
49	192	0.10612503397873682
132	301	0.10594690605595805
