163382ms 
3832	7387	0.3860624241472493
4866	6611	0.26062040469146114
6280	7675	0.2534384620890253
6611	7023	0.19610605957442687
1232	3255	0.19584948582246808
7520	8271	0.19453838620799757
4550	5267	0.19397675561358405
4220	5267	0.1937047765877039
6280	8204	0.19246689286767715
6421	6280	0.1922296165392783
6280	6772	0.19119507349215048
7642	8021	0.18593336844879466
301	645	0.1760501158984907
192	645	0.17134491429126292
49	645	0.1687910106104401
222	6611	0.15912136079015102
3832	6917	0.15670993781478856
3271	5267	0.15586948120851768
3271	6951	0.1540619876599058
2133	7634	0.15403685450061252
6047	6280	0.15389774953664415
6280	6917	0.15376751308960837
6809	8021	0.152532068726676
93	301	0.14715244514238948
93	147	0.1400127118178127
2233	2672	0.1374189253321175
163	645	0.13360359163307664
8021	7791	0.1332246475358018
224	645	0.13220541343485379
3832	7110	0.13152253081411247
273	645	0.13146099353881346
6611	6491	0.1310520664383541
645	658	0.13097569970435224
7493	8271	0.13040812279691255
6344	7110	0.13037351067681255
7110	8271	0.13015679951161566
1510	2233	0.13005834908139235
5306	5267	0.12952714296949097
2133	6923	0.12899488261763178
2133	7110	0.1287562886273557
6280	7493	0.12865996931212784
624	628	0.12828638245841326
93	130	0.1280206751896492
93	668	0.12634971211657
130	301	0.12604223370442624
19	301	0.1236944388685696
650	645	0.12278202552524577
130	645	0.11926573896709755
216	645	0.11884168960317355
34	645	0.11864294354947512
10	93	0.11841283926927569
163	301	0.11834853164981396
624	645	0.11825640374113078
613	645	0.11797231095235308
154	645	0.11768088806487767
10	140	0.11764919071534626
19	645	0.11745628277119809
175	301	0.11700974775511896
147	301	0.11614554786249778
10	645	0.11596910163022017
1232	1612	0.11532784429675683
258	339	0.11498812293115569
163	216	0.11455070840093931
3832	6938	0.11384959719241963
624	657	0.11382045402941639
4625	6611	0.11360791296413905
273	301	0.11353785217114154
10	108	0.11300822105142787
4934	6611	0.11295470782812349
4934	8271	0.11287656141126505
93	175	0.11278155488494071
7262	8271	0.11260645279119226
6938	8271	0.11185671645614964
224	624	0.11178641743024154
3036	3555	0.11178266134665353
2645	5296	0.1111825009716079
2133	7928	0.11112703477380668
168	163	0.11096561378360836
1472	1716	0.11091259891487726
2133	7791	0.11079342718241367
2133	2844	0.11054048055542592
6280	7449	0.11035782851201828
30	163	0.11016060144052472
93	273	0.10979680368014894
616	645	0.10880715556349625
127	645	0.10850188591402843
258	301	0.10819375918234647
34	301	0.10681703675109909
258	349	0.10654553756503465
341	624	0.1059687028162895
216	301	0.1058507074366885
584	645	0.10570533461551024
349	363	0.10544644167073669
301	668	0.1052002533207883
49	192	0.10478432789558186
232	645	0.10456014989359375
154	301	0.10438758126625641
618	903	0.10391986387413513
6	645	0.10375249170345857
301	613	0.10354090553169862
