85155ms 
3832	7387	0.3768230387055166
4866	6611	0.25308081055701565
6280	7675	0.2509526092986253
7520	8271	0.19275329770487626
4220	5267	0.19129680247194397
6280	8204	0.19111893354604234
1232	3255	0.19086192794779538
6280	6421	0.19085895267456426
6611	7023	0.1907849907102544
4550	5267	0.1907153179429084
6280	6772	0.18969514277160618
301	645	0.16968663043175483
192	645	0.1648453439233147
49	645	0.16165234474048518
7642	8021	0.1584777575051121
222	6611	0.15515180434937123
3271	5267	0.15400390732372213
2133	7634	0.15327118726635985
6917	3832	0.15319220795837601
3271	6951	0.15290000952342828
6047	6280	0.1528542372451871
6280	6917	0.15274980430899615
93	301	0.13272493565926546
1510	2233	0.1300490716732919
6809	8021	0.12991657008264976
224	645	0.1295303630809798
7493	8271	0.1293294228284182
7110	8271	0.12905910201731177
2672	2233	0.12888345683941002
7110	3832	0.12868412113978314
5267	5306	0.12850790291480763
163	645	0.12834172046592457
7110	6344	0.12831252638403662
6923	2133	0.12821409196260508
2133	7110	0.12805346819482344
93	147	0.1280298194094997
7493	6280	0.12778552053029144
6491	6611	0.12768406751763356
645	658	0.1276131943586755
273	645	0.12727967248534597
624	628	0.12302064749232286
645	650	0.11910719605280823
130	301	0.11796033977331825
93	130	0.11739748151416331
34	645	0.11609406015033237
19	301	0.11579092451145043
624	645	0.115636322955616
130	645	0.11548625816906616
93	668	0.11517277694896784
19	645	0.11487154850563298
613	645	0.11474365517852417
216	645	0.11461922755040233
154	645	0.1140527126210509
7791	8021	0.11391187417349202
1612	1232	0.11323912583913777
4934	8271	0.11202069831948117
7262	8271	0.11197039537706768
3832	6938	0.11152265600872384
624	657	0.11139222569306155
6938	8271	0.11110798789527689
3555	3036	0.11102140389086369
4625	6611	0.11088075102816035
2133	7928	0.11075036110384409
7791	2133	0.1105593071225963
2844	2133	0.11030742991122058
163	301	0.11029395960496055
6280	7449	0.11008701517591615
4934	6611	0.1100475903871011
2645	5296	0.10994166203355668
258	339	0.1090603870457802
10	140	0.10905381013234872
10	645	0.10903549761411775
273	301	0.10887998685299008
10	93	0.10828149707207928
147	301	0.10824230974076729
175	301	0.10724187333071142
224	624	0.10723032912286926
616	645	0.10620689217107854
163	216	0.10604890819946208
127	645	0.10489840389228128
108	10	0.10473923307378294
1472	1716	0.1042411623211831
903	618	0.10421254601170041
258	301	0.10411279513735727
93	273	0.10341245737522481
584	645	0.10294331154007744
232	645	0.1025622518064766
163	168	0.10190792024763107
49	192	0.10176895339540816
1114	2672	0.10130105708137464
93	175	0.10100113857047394
30	163	0.10076345153486388
34	301	0.1006842827327006
6	645	0.10044652471214532
341	624	0.10036976373751394
301	613	0.09981652086386376
216	301	0.09922261095669516
6924	8271	0.09918062198176752
5655	8271	0.09917166281229889
3255	3109	0.09872878751162865
7365	7520	0.09865474676404976
349	258	0.09812568312470861
2552	6611	0.09807761593332309
4220	4550	0.09804826720962784
1510	3912	0.09789944322629598
349	363	0.09777856873095686
6311	6611	0.09777847074839319
226	645	0.09761101588455974
4993	6951	0.09757930673413034
6311	6344	0.09739457117706424
154	301	0.09739021789460871
301	668	0.09737214738352415
5757	6611	0.0971814580071383
5387	6611	0.09714389712947352
4992	6611	0.09707006534606455
10	273	0.09695359686532765
668	624	0.09681261822668044
127	163	0.09674852976427573
132	301	0.09632634027741882
6280	6924	0.09607515814628423
10	362	0.09565330433985669
150	645	0.09526925140621602
32	2229	0.09522964845501952
127	147	0.09517940164923001
132	645	0.09508645640854055
130	154	0.09409364731228037
130	163	0.09368211764370198
301	616	0.09362953943063572
154	216	0.09339033265737531
341	645	0.09337744127431667
604	10	0.09317255118493627
153	168	0.09268328662046271
93	154	0.09230223851120245
10	301	0.092262981736035
130	273	0.09222686366011051
604	140	0.09205824771515878
130	147	0.09190022957789257
258	363	0.0918851558550402
127	301	0.091507934348345
153	301	0.09137081677683481
606	624	0.09121172251069627
154	163	0.09079671059050096
301	224	0.09075919800742394
349	301	0.09060950568112472
657	658	0.09050300683654036
2234	1232	0.0897006212175668
34	258	0.089680979115576
154	273	0.08956578811590242
2234	2645	0.08949665614312297
650	657	0.0894580902711377
1955	2083	0.0893978741567453
140	440	0.08921041843175809
2121	2645	0.08917570066514303
93	258	0.08884673550000399
1232	2647	0.08884248416724418
1472	1507	0.08882099342320177
10	130	0.08873425196583737
127	130	0.08845165472874056
140	624	0.08844362430375564
236	645	0.08829782908742875
5972	6344	0.0882446263064532
301	658	0.0880776055673725
4351	6611	0.08804655157699538
6592	6491	0.08800837521542632
30	168	0.08789302701114142
3980	3036	0.0878712791950158
19	93	0.0876119018951556
4068	5306	0.08753613216483837
258	645	0.08750728729109013
3	93	0.08734397094385188
6447	8271	0.08712480106353082
3770	6344	0.08708331386123432
10	668	0.08706077262499623
93	127	0.08698250377793681
3461	2133	0.08695762805669749
7701	2133	0.0869364883389804
7517	2133	0.08691472048451812
5639	6611	0.08683259078535463
7593	2133	0.08675763935480957
10	154	0.08673253153600488
30	301	0.08671164611511596
339	363	0.08668091636939934
3770	2133	0.08666254950916238
6280	7517	0.0865114359516781
2647	2133	0.08635881753092084
6280	7593	0.08634954464403768
147	163	0.08633449717735833
628	657	0.08628761397900074
6447	6280	0.08609512460169805
5064	6280	0.08586661790287677
23	93	0.08570538277117724
163	175	0.08570511419098932
363	645	0.08559607475285853
668	628	0.08554694777981195
147	273	0.08515870290416598
19	132	0.08513950442540534
140	668	0.08500403181186351
130	216	0.0847358587033169
3	130	0.08466732384680345
93	140	0.0845688249188553
93	257	0.08423822861235447
192	32	0.08405788319803768
127	273	0.08401993401983968
341	628	0.08400550398197788
6	216	0.08396775325259298
140	645	0.08384653344249017
319	645	0.08384116706160358
49	32	0.08372421549533086
837	618	0.08370377363592635
339	645	0.08346405795199673
130	668	0.08322971863074238
30	175	0.08302792171612171
150	624	0.08282388984196223
624	658	0.08267411608451784
224	628	0.08261322272232022
488	645	0.0825775845223139
301	628	0.08247257273816076
168	216	0.08209092677800997
6	163	0.08188207011950663
1442	1232	0.08186515609435079
38	163	0.08181053836918925
19	130	0.08180535215301193
153	339	0.08176424051941616
226	341	0.08146275673593349
5801	7407	0.08139783584147055
897	1232	0.08118864839553737
10	363	0.08116242834979702
89	427	0.08097504208472373
427	650	0.0808511392275133
301	405	0.08084366670250093
163	613	0.08072216276782843
10	127	0.08066311767443367
10	258	0.08058462211300116
613	224	0.08055490908640327
258	273	0.08049071003286137
34	163	0.08040561390039926
130	650	0.08033111698003523
7588	8271	0.08027278358309867
175	624	0.08010919864999413
175	628	0.08010095413387262
130	261	0.08000778585009725
19	224	0.07995729858245072
3271	4220	0.07993212370175042
130	616	0.0799015361915464
33	163	0.0798754771870054
175	258	0.07984741324032603
624	706	0.07975456635802222
405	645	0.07973735477651493
301	192	0.07966591784407719
613	616	0.07963666603480125
3271	4550	0.0796101981687134
5705	6611	0.07959167055400204
19	34	0.07948783660472403
89	301	0.0794420418680756
80	645	0.07939626820873535
30	38	0.07937027445779059
613	341	0.079274263631736
10	339	0.0792555266725396
6917	7387	0.07921290912185293
664	618	0.07915603518943354
4550	5043	0.0791208843144731
273	613	0.07911993527763038
4211	1510	0.07911866465077134
168	301	0.07906052903798787
147	613	0.07900369975632143
564	624	0.07897563993520916
261	301	0.07895415321068354
5043	5267	0.07888403417140309
19	163	0.0788233930587206
624	650	0.07878917460893109
3	301	0.07873740482832026
93	261	0.07872001776441401
4211	5267	0.07871758416245814
93	153	0.07851112531284442
645	725	0.07850746827863093
7588	2133	0.07849913934726971
1716	1510	0.07846810799966693
349	339	0.078447819299147
147	216	0.07839508328242083
216	273	0.07836607431271349
150	224	0.07832765606107772
261	273	0.07832554289384588
1510	4009	0.07822241953339384
30	130	0.07815525660978369
93	163	0.07814315765818404
127	140	0.07805036129371716
645	657	0.07797301063360322
89	163	0.07792996897661447
130	175	0.07791111167437278
130	132	0.0779002327646266
301	363	0.07780288274394553
30	216	0.07779365623585609
19	273	0.07762642153282301
127	613	0.07760389164514697
127	216	0.07754437406189595
153	645	0.07741952190971875
6280	7588	0.07741484527873808
339	362	0.07741035330817932
140	224	0.07740105050547219
273	668	0.07734244801202016
153	163	0.07715710785733598
7791	8050	0.07711232190962912
93	362	0.07710639184871425
147	668	0.07703911219786456
135	645	0.07700261636273577
349	645	0.07684884568182009
175	668	0.07678693970491623
23	301	0.07666496782686308
147	154	0.07654063307867698
140	362	0.07649238268478081
30	89	0.07648995054631634
163	616	0.07648902421156567
261	645	0.07643254998965221
19	147	0.07634540919307974
130	258	0.07624518979229583
613	628	0.07624097477157372
140	273	0.07623659786468533
33	645	0.07612526479500438
75	645	0.07602198504472076
301	49	0.0759917544597356
584	130	0.07591236307010174
168	175	0.07590248576018206
33	168	0.07589953034753759
147	645	0.07589581784188813
613	624	0.07586922679815902
93	132	0.07581127038967267
127	154	0.07579732505896618
140	147	0.07577029916044424
182	645	0.07568582396847906
132	163	0.0756288570048256
427	645	0.07562472705461364
19	175	0.07553311643433613
30	154	0.07551081025811028
4625	4866	0.07547348364819643
280	645	0.0754474721538638
175	645	0.07536159997877881
258	613	0.07536131455543817
258	341	0.0753309274963127
127	168	0.0752145306443417
616	224	0.07519104228675111
301	339	0.07516619348396197
34	363	0.07515856352003378
362	645	0.07501810568712731
1537	1232	0.07492602466190809
154	192	0.07491653987482008
258	668	0.07488999956315906
616	650	0.07486492981629395
175	657	0.07483922077979886
784	1232	0.07482496881140749
349	93	0.07475171841953775
175	616	0.07442737320034971
273	616	0.07438288527642767
30	153	0.07424038910587122
604	645	0.07419899227567875
38	216	0.0741291683014238
246	1232	0.07404195150263608
19	258	0.07403069107502724
604	93	0.07382942891945181
23	216	0.07381232620398819
564	645	0.07374707034677844
140	564	0.07366188208100022
30	645	0.07358432191981776
130	613	0.07356784540952388
93	105	0.07354737352078403
363	341	0.07354366021081536
23	130	0.07344869952747476
584	301	0.0734082082065799
127	616	0.07331998731061247
584	232	0.07324446974868493
216	613	0.07318928041446046
93	628	0.07317781150966356
232	601	0.07309066615668627
153	175	0.07307867400744357
151	645	0.07305516448925227
30	93	0.07303665596677199
257	301	0.07298996013838055
19	613	0.0729644091209976
163	658	0.07293367309555861
4231	4550	0.07287143917673305
34	216	0.07278538215467559
645	302	0.07276975068728037
163	257	0.07274968267442905
135	163	0.07274675749324155
564	606	0.07272587316232687
34	339	0.07271289450770455
3	147	0.07269244989768389
258	616	0.07267361189330548
301	319	0.07265683162495105
10	427	0.07261496645756471
153	362	0.07259718417099217
592	341	0.07256132042801229
584	163	0.0725433124641461
130	168	0.07238757467258795
3785	3036	0.0723791108535338
140	301	0.07236938916285493
93	1472	0.07234481129617668
341	822	0.07230318404645528
584	650	0.07229605428646788
93	613	0.07222388162378812
4231	2133	0.07214642067668875
349	592	0.07212713011371695
628	706	0.07206322919309599
301	657	0.07205568231167077
3301	3036	0.07197023202214464
3301	3832	0.07195955978735247
23	163	0.07195052036705371
175	224	0.0719487633927552
440	645	0.07194436160473439
163	273	0.07191556261976557
273	224	0.07186961572746106
349	273	0.07184070032190322
5500	2133	0.07175804425440292
34	130	0.07172419389371266
140	341	0.07172031304070163
10	163	0.07169787810872534
10	153	0.07169392037391611
23	154	0.07164671614264607
613	668	0.07160728627462831
5772	2133	0.07159459596024946
1865	2133	0.0715671873944439
3785	7062	0.07152009265897802
30	127	0.07148062327706392
7666	2133	0.0714456566145542
19	216	0.07138697129640079
5772	6280	0.07136773619168403
10	147	0.07130590571588405
1865	6280	0.07129480962037595
168	657	0.07126030444060655
127	175	0.0712484508862089
23	168	0.07123715404319414
93	216	0.07118450894400483
6	301	0.0711582143494984
349	586	0.07114469955161871
339	341	0.07107820580427614
168	339	0.07104501583721665
154	261	0.07099085752806944
301	650	0.07096984463840875
38	301	0.07095044451721114
80	301	0.07094471362664458
226	339	0.07092051550447051
650	601	0.07088550375530943
624	725	0.0708845337135037
6280	7666	0.07083922957476096
258	606	0.07072149679189904
105	32	0.0706314249344681
130	140	0.07060576585824462
23	273	0.07059731189875491
34	154	0.07053700384463588
89	130	0.07047665378317343
30	257	0.07036571552080985
246	6280	0.07030943461168092
93	168	0.07024737505098266
140	613	0.07024199195962523
232	301	0.07015372242594752
10	175	0.0701461254922036
19	668	0.07009110732197707
10	1472	0.07001719768332439
10	650	0.06999627649593601
154	668	0.06999444390972048
258	650	0.06998249391575949
349	175	0.06996008931685406
153	216	0.06987860148616927
668	657	0.06987410042486862
628	645	0.06986074725991016
301	150	0.06985227574633342
616	624	0.06984687552903295
89	216	0.06981536081126216
645	715	0.06980528819351396
684	903	0.06973681413188976
175	257	0.06971390292350128
163	628	0.06967672184397294
23	147	0.06954664987645182
30	586	0.0695331332895479
932	1232	0.06951434267671731
163	319	0.06940957279518278
154	168	0.0693956112552202
628	658	0.0692779648049029
273	362	0.06923881723567628
19	154	0.06921062760506932
232	650	0.06918251537702749
19	616	0.06911501754938063
319	658	0.0690980414216079
19	140	0.06905233112599891
140	154	0.06897933248858414
668	645	0.06896968114898006
163	341	0.06893613408357328
2163	2083	0.06893231390268093
2991	1232	0.06892600460631552
34	140	0.06888777624143745
760	1232	0.06887533053269823
6198	8021	0.06887206607784511
429	1232	0.06884173023994954
93	616	0.06883644110034656
147	175	0.0687545617319023
175	273	0.06873670385834518
1441	1232	0.06873420420664761
34	224	0.06868960825008943
89	154	0.06868746637577798
127	258	0.06861085480673142
130	153	0.06858957429202373
584	592	0.06853389891585641
132	216	0.06845538833834722
3973	6611	0.06841620097709512
34	153	0.06840658341233599
151	168	0.06833817931896126
232	427	0.0683300320741325
349	10	0.06831707963554597
564	592	0.0682858887001793
178	645	0.06827714848697101
89	645	0.06825984458167722
34	658	0.0682419839547396
10	564	0.06823038722571788
38	147	0.06821752724960169
153	258	0.06819555419384045
258	592	0.06817531910959135
8	32	0.06810944168047921
30	33	0.06803876942852052
8	147	0.06802878732727886
50	163	0.06784422281431102
604	273	0.06783761827425538
34	93	0.06776691034426804
280	624	0.06776525022366574
132	224	0.06774366958220361
130	224	0.06773488535863777
273	150	0.06768597553305972
6491	7407	0.06767001060497121
3556	3109	0.06765457449650587
606	657	0.06752413008012145
34	132	0.06749691797304681
1689	575	0.06748703776449798
135	341	0.06746287148515268
224	341	0.06745405394540634
38	127	0.06745064604994337
89	168	0.0674500626284047
10	440	0.06743475238290288
586	645	0.06739038011581902
33	301	0.06738147816176658
440	592	0.06735289116418475
89	93	0.06733269154030821
147	628	0.06731373572917525
135	301	0.06730227712965361
604	362	0.06727864663279425
163	564	0.06726433989790434
616	668	0.06724373655588409
624	822	0.0672411841427076
153	154	0.06717464397145696
301	302	0.06717067256177021
2083	3999	0.06713062238186011
6462	6611	0.067130196904337
54	645	0.0670403848497792
280	657	0.0670321796612192
4866	7023	0.06699147658770166
2552	4866	0.06697674809379511
1510	5312	0.06697188773495238
23	127	0.0669565034030184
3999	4866	0.06693583127467298
140	363	0.06693014986901481
2233	3912	0.06692896610057417
151	301	0.0669289363885377
34	592	0.06692283212044071
30	23	0.06687244322618495
7110	7387	0.06683669324382696
645	882	0.06678747921988366
163	706	0.06678275615727412
153	668	0.06676723078754769
80	163	0.06676273700663979
232	592	0.0667540723737104
6772	7675	0.06674513837381847
349	613	0.06670695530582345
2914	6611	0.06670535531542572
4220	5306	0.06669668427387591
130	257	0.06667637922750243
363	592	0.0666695219554527
132	154	0.06666158952806123
163	258	0.06664266312553041
301	362	0.06661786876193702
349	130	0.06659645704445877
216	257	0.06657190019341151
168	645	0.06656478149035903
4441	6344	0.06654498999999278
4078	5267	0.06653278459378753
658	725	0.06650975768965935
5623	5267	0.06649048406662647
130	658	0.06645802206828558
216	658	0.06645427354072901
4078	4550	0.06642876413734358
132	153	0.06642619451899155
5569	4866	0.06641584181454808
6	192	0.06640548405971819
236	440	0.06639723311147423
339	606	0.06639042153376119
127	668	0.06638339936207874
363	650	0.06637438216208667
175	613	0.06635212326801986
2133	7362	0.06634971873652488
33	127	0.06633665453111702
3313	2133	0.06632343936307333
258	405	0.06632137051959627
3538	2133	0.06623264769746741
30	10	0.06622388430989082
140	616	0.06620183474237895
2917	2133	0.06615853043647228
5614	2133	0.06614886784164634
19	153	0.06613917594185681
3255	2376	0.06613293202169766
1955	3999	0.06608759481488219
349	668	0.06608391547115681
3	154	0.06606163316153618
135	216	0.0660594286046509
341	650	0.06604900814735122
226	301	0.06601319272366238
6198	2133	0.06601038449027001
3809	3036	0.06601015401717218
584	216	0.06597835283814951
93	405	0.06596101948596898
216	261	0.06593207295093771
349	341	0.0659126881561719
163	363	0.06590071361706133
1493	2133	0.06586881422699893
258	224	0.06586494221473436
604	564	0.0658625645011533
2991	2133	0.06584660036662664
30	108	0.06584362513747535
30	32	0.0658421485457107
168	257	0.06583701982749403
8204	6709	0.06580922956459652
163	668	0.06578438371409819
33	130	0.0657776615072821
1232	2917	0.0657551221137918
4441	6280	0.06563297972608162
8204	8263	0.06562738145451122
150	628	0.06561821620233801
7675	8204	0.06561800453757828
668	658	0.06561602568233237
606	645	0.06561463834264727
140	258	0.06556753566851851
10	624	0.06556211279212029
19	658	0.0655613390537985
130	362	0.06554840159810153
1493	6280	0.06551680848753633
3	163	0.06546823223399871
153	363	0.06544840657429432
339	657	0.06544503448033329
668	224	0.0654181106115628
341	706	0.06540347872134177
19	127	0.06537310226254817
604	301	0.06534730031398732
33	216	0.06533169224180338
108	349	0.0653272886630785
168	658	0.0653189950946302
2163	2376	0.06531271189742256
19	302	0.065309726753037
10	89	0.06530917214676732
226	427	0.065306569628029
371	584	0.06530429083104952
30	564	0.06526069633623972
301	624	0.06523851050458021
10	882	0.0651428351117319
34	273	0.06512538808013661
371	564	0.06512469386697299
50	168	0.06510355168853046
362	668	0.06504367900231323
257	668	0.06502651550931024
140	236	0.06502606116318671
89	153	0.06500453963007409
1168	1689	0.06497663339844009
30	349	0.06496211627668681
427	440	0.06492240326280792
153	650	0.06485654824042643
154	658	0.06484271497223522
684	618	0.06480904743657316
23	668	0.06480813517976525
406	645	0.06478498948412824
33	153	0.0647806117670385
132	273	0.06477471373264942
175	216	0.06476938693395143
108	604	0.06476188771606013
163	261	0.06475463733366994
30	584	0.06474428699585869
3	616	0.06472144269886669
10	216	0.06469793451860448
6421	7675	0.06468258009059084
590	592	0.064665709509291
147	168	0.06457809972670238
349	604	0.06456068815461465
6	49	0.06453491081426102
140	339	0.0645118690089164
34	175	0.06449494315457295
89	592	0.0644880324326046
30	258	0.06448287579673291
154	257	0.06448239605297933
802	645	0.06443744274174543
882	2672	0.06436800101969198
140	592	0.06435426456273087
604	130	0.0643404556250483
153	657	0.06433723934144202
280	301	0.06430046619171992
349	616	0.06427336073299147
34	147	0.06422980849208142
319	657	0.06415967862876794
38	130	0.06415710427257174
6	130	0.06414515162206043
182	163	0.06410829069188043
339	592	0.06410138300297837
54	216	0.06409077121241404
590	645	0.06406969264744639
216	628	0.06406199783944357
584	154	0.06401102610463183
30	34	0.06400954100419032
80	258	0.06400939489725056
3	261	0.06399101376665689
715	618	0.06398043931039724
371	592	0.06397359084337126
54	163	0.06397089013338647
39	93	0.06395231247486378
224	606	0.06394313403234439
168	628	0.06393599717923477
50	645	0.06393386644067282
39	258	0.06392250697985788
10	613	0.06390419584105167
1044	618	0.06386240503470393
153	257	0.06384320498956081
604	440	0.06382177230372925
258	628	0.06381994764162027
3	273	0.06380465257697915
301	427	0.06375773726747089
319	613	0.06374548085540573
339	650	0.06372660406443573
427	341	0.06372060275469087
130	150	0.06370855117181866
613	150	0.06367418492581937
130	151	0.06366185694782348
132	147	0.06365746073776492
339	356	0.06365509400727008
258	302	0.06362742990142654
592	606	0.06360322360185974
280	658	0.06359683060910885
10	23	0.06359564721892029
33	154	0.06357047967454321
7389	8271	0.06356937188757826
55	645	0.0635674693255005
147	616	0.06355979257177041
127	132	0.06353746420438694
130	628	0.06353320516409595
163	657	0.06349446822774235
301	564	0.06346594813223654
348	258	0.06346500850636974
584	89	0.06340257191786051
636	645	0.06339833831129922
34	341	0.06338869595649292
127	151	0.06336111414864141
802	618	0.06335993796019901
440	564	0.0633479744490632
30	363	0.06333940522774362
163	339	0.0633132260588979
154	362	0.06329770316587414
592	645	0.06327862445711127
30	132	0.06322264105368695
604	668	0.0632200482869867
236	341	0.0631766887823307
151	163	0.06315007925188797
147	261	0.06313489055329391
132	175	0.06312759192136574
30	668	0.06310500247890544
306	668	0.06310292908260086
132	257	0.06309431656369834
216	319	0.0630828431400442
258	362	0.06306469310946917
19	628	0.06305718517087083
216	341	0.06303482789503988
586	163	0.0630045357480586
93	150	0.06300350097465272
586	592	0.06298027175940549
38	168	0.06297910224524317
163	650	0.06293111785487865
163	192	0.06289313240841296
349	34	0.06283882072522236
658	664	0.0628003710148372
23	153	0.06278845057410781
34	564	0.06274936852646638
236	224	0.06274492954622676
616	302	0.06273312850678929
147	258	0.06271980837225491
6	168	0.06271691761881079
356	645	0.06270662920106025
2121	2083	0.06266625358773009
4331	6611	0.06266442153651113
7874	8271	0.06264658857650678
440	341	0.06259256784247506
30	604	0.06258542812020812
645	822	0.06256487962974146
236	301	0.06253832409121406
151	153	0.06251917581103918
7120	8271	0.06250941081911286
154	175	0.06250527891662412
224	657	0.062497874052462786
705	1114	0.06244147014198018
33	147	0.06242839073458141
10	802	0.06240813058571527
140	650	0.062404258890114014
192	224	0.062391243750130096
127	224	0.06236943419636038
236	616	0.06236557493645813
93	151	0.0623643010098516
657	725	0.06235925186913971
54	154	0.06234612602127372
3	132	0.06231653810548321
132	564	0.062312167366181434
163	236	0.06230408360248711
132	258	0.06228947126518746
3	127	0.06225710108210462
34	613	0.06224736873559954
39	339	0.06224030713388012
319	668	0.0622202806438814
38	154	0.06219941026902068
7874	6344	0.062182133331121874
175	192	0.0621753016205672
10	34	0.062175093062668677
362	363	0.0621674413818384
132	613	0.06214888551420114
38	89	0.06214727653628819
349	19	0.06213152881430915
3	257	0.06213134271679707
604	34	0.06211140239707748
349	650	0.062092844042160575
258	624	0.06205373004941295
301	440	0.06204742007214726
405	564	0.062042765389056745
175	363	0.06203685080325391
606	628	0.06202790650583349
10	168	0.06202459768058803
54	147	0.06200672002485184
168	319	0.062000084752880345
349	257	0.0619816469654032
6	154	0.06196565162221737
273	192	0.061949962878576084
604	154	0.06190140975101749
3576	3036	0.0618795653877385
3348	3036	0.06186962624521987
168	258	0.061819654423031375
34	168	0.06178144281294383
668	150	0.06176128967403302
2133	4331	0.06175508211921854
89	175	0.061717395516771016
130	232	0.061703496390604115
192	658	0.0616989075188486
33	93	0.06169446735752962
717	1472	0.061682590306261775
130	564	0.061664737292200456
89	232	0.061664107242624444
584	616	0.06165444002241523
668	341	0.06165334898476392
163	280	0.06160220927453186
168	613	0.06158824554902748
151	616	0.061587545466946295
4331	7062	0.061577144503228265
606	601	0.06155664197781866
89	341	0.06155230812590478
273	363	0.06154745391235537
38	645	0.06154402823978164
30	616	0.06152406024042649
151	273	0.06150803075728442
19	564	0.06146457845971858
1326	1472	0.06145667830756561
168	341	0.06144534852936927
723	645	0.06143096412833794
306	319	0.061401789548038835
3576	2133	0.061362151104856225
6759	2133	0.0613590588015903
2133	7389	0.0613312781124722
150	657	0.0612862592529299
7120	2133	0.061283804356816185
427	802	0.06127401271727064
3348	2133	0.06124694368237313
132	339	0.06123796254305273
168	706	0.06122947154813583
127	257	0.061221279898386216
657	706	0.061215618399367254
127	302	0.06121417443070262
616	628	0.06118978196482503
151	362	0.06115481445911197
130	405	0.06114799301445471
216	564	0.06114219834825956
349	80	0.06113440845880647
151	258	0.06112515519062857
80	216	0.061121201742613075
6280	7874	0.06107578570741936
34	657	0.0610698497098611
130	363	0.06106581108306771
34	668	0.061047517070050836
140	150	0.06100733197721512
2242	618	0.060968005513964287
30	339	0.06096036668995449
127	261	0.06094682259954366
192	650	0.060912835154683015
613	706	0.06088175964194233
616	601	0.06086890726188314
564	668	0.060850126733214924
34	606	0.0608495961960511
943	1282	0.06084461617094154
216	258	0.06078615558852993
586	301	0.060766797107885795
93	306	0.06075530007934533
163	592	0.06074679592168504
23	175	0.06069811603126306
339	658	0.060688219614497496
301	1472	0.06067572246157768
405	650	0.06067179440423181
30	650	0.060661680921761996
80	613	0.06065882446666452
216	363	0.06065010950185876
10	19	0.06065000495087734
668	706	0.060588158405046305
135	339	0.06058084167173653
34	616	0.06056629473139025
50	127	0.060554865942443095
586	427	0.06055454982122833
2770	2133	0.0605526563659889
586	10	0.060538668532729635
34	440	0.060535897646833994
604	258	0.060528246469285216
33	339	0.060525164070302534
226	624	0.060521406738935496
216	668	0.06051211213569306
10	616	0.060454782970689465
604	19	0.06043478920212477
885	341	0.060422133415410216
94	645	0.06041151688481779
8	93	0.06035215597761106
645	674	0.060349712937264835
6280	6759	0.06033859767160091
1420	1232	0.06029089042681553
30	19	0.06028353540925363
586	175	0.060283370514846016
168	650	0.060274528293323144
30	657	0.06026691950373521
349	127	0.060252455087432544
19	168	0.06023962911789271
216	616	0.06023455025961634
224	650	0.06021260504187312
163	49	0.06019148239867956
175	650	0.06017140172229704
175	339	0.060100226749069924
168	363	0.060083729550677666
440	668	0.06006381458729818
258	564	0.060040098625238195
140	163	0.06003693496229033
54	301	0.06003431002762561
168	668	0.06002673830914025
132	261	0.06001832576451827
301	715	0.060006373849313295
127	362	0.05994679503875724
3	216	0.05994200596429743
273	339	0.059933270238810246
616	150	0.05992716250660501
258	356	0.05992287466608444
168	616	0.059916028040920444
584	127	0.0599118168418449
151	339	0.05989771327007211
363	624	0.05987193790745479
38	93	0.05987055530751457
49	224	0.05986987009036233
34	650	0.05986777743036188
257	261	0.05985524978410606
140	560	0.05985217788106429
236	624	0.0598430935654332
132	668	0.059840034983377116
604	363	0.05982874715664745
1619	575	0.05982737579867511
19	405	0.05980234831182538
89	564	0.05979849424867875
154	564	0.059791475857506216
23	257	0.059785618606997486
175	49	0.05974709832368534
49	658	0.05974429859489639
89	226	0.05971429723156389
80	168	0.059703489325639104
168	564	0.05969311096703417
39	349	0.05968832215294179
567	624	0.05968738432841385
80	127	0.05968550358416151
23	258	0.05968278652956311
604	650	0.0596706254985292
140	153	0.05966448786997294
319	706	0.0596630244691225
154	613	0.05964923982837039
163	224	0.059603940886045675
89	440	0.059585688116200124
650	658	0.05953130439953408
39	301	0.05951828775172096
405	668	0.0594895779249767
39	586	0.05947710959022247
706	760	0.059475019792838375
19	440	0.05945402180829603
362	650	0.05940101947205177
348	349	0.059362357065546524
6360	6592	0.05934654588451649
182	592	0.059315211492017225
371	624	0.059313880852904954
93	363	0.059299828394921386
